(6⁹)

STATUTES 011 ALL SOULS COLLEGE, OXFORD.

INDEX OF SUBJEOTS.

11010000 01 0111000, nc„ 98, 98, 43.
1100101, 1010001000 01. 60.
0000111011, 0011100010, 1001101, 34.
-- 0101111111, 69.

-, 1001101, 69.

0000110001, 64.

10010100 not tn 11110 000101 0101111301,
0000111, 61.

Arma, 1101110301, 41.

Α111111, number 01, 19.
---0111110011100101 13.
Β10001011, 0110111000101, 37.

--, 00310001, 38.
-υ-ὀ1011111111, 010101οο001, 39.
Β1111111,1000010110169.

01010, reading of, 35.

Βο0111, 1010101, 54.
-01101155

·--, 1110 01, 810355.
--,1111103, 001010011030, 55.
--,1031110101, 55.

-5-ἐ-’ 1”0’110’0’11’1’0’1’131’110’1151 101 100010101,
· -- 1010001100 01 56.
--,01001100101 56.
Βο11011103,51,59.

Βο0110113,’4].’
001101031,’10]0130145.

—-·- ,01001103 810, 09.

190111, 0011003 oi 00010101, 59, 53.
Βιι111’11, 0100000100 001101 01,’ 30
·--. vathos, 31.
ffiuiiiiiiiir, 11
0101010013, Α’1011011000’01, 19.
--,00111101110003,15,90
001001, 0000001111, 48.’

charnu, 0011003 01, 59, 53.

00011 10110101, 810, 51,’ 59.

--·· ,00100 1101, 59.

-—- ’101 10101100 110003, 53.

Choir, 1100110 48.

010111, 0000110011, 0010010000 01 0111103,
Clotii, 0110001, 810, 49.

—-— ,1010101 0011003 01, 43.
00111030 01 poor 3011011111, ’1000011100 01,
--,00010010111010001101, 19.
0010011111ήο1 01 0100011000, 63.
commoni, 1111101100 01, 33.

·-·- ,103010110011010001103 33, 34.
ὦ 10150111, 34.

00000101, 57.

19010, 0110101100 01,· 10 0100010000, 61.
—-, 0011110111οο 0110001101 01, 31.
-, ’0110 01, 39.

—- ,111 nd⁷ 01, 39

1903100 ’0191000100 Μ11101, and 1900101,

-”-’-11110053 11011011, 39.

190110 uentu, 001000103 01,’ 61.

19100 34

1)11011111001,103111111001 1010001103, 39.
-,01113, 0111000011, 36
-01Β1000101137
-01901111131

191110011001, 45.

--, 0000110101οο0 01, 46.

ἦ, ἑΐέωωοῗᾶθῒὲῐ. 01, 461

1900011, 0010111000 01111111 01, 50.
Dran 0111011011 100 80001111, 40.
·—·-, 103011110οι 1103, 41.
—-—, distributione ,.310, 49
·—·- ,1110 01, 310, 43.

11100000, 1011011010011130101. 15, 90.
1110010110110011399.

01031001 101101010100100011, 911, 50.

¹ 110110111001000101, 19.

14· , 10001111ωο01 01 010, nu 3911000,

—- ,111011101,1010111, no„ 17, 96.

-,0111000001’1110,19.’

-- 01001100 01 19, 90.

-- ’1101111111οο01, 99.

--, 0110010000 01, 10 1711000 100
0100011000, 30.

-, 0000001 01, 60.

--,1111113003100103,39.

--,0100101, 40, 41, 49, 47.

·— ,00100111100 0111111103 ,47.

·--,’10110000101100,60.

1101000119.

-- ,0113011100 50.
--,011000101 101 1001 01, 00.
10000011110,1001111100 01, 01 11011011,
-- 0’,101010000 01, 91.
(1111110344.

(111001, 0011011113, 39.

1-1111, remaining in, 1001100011, 35.
ffi’hiiinii122550. 44.
11001317, 0113011101, 11.

110013 01,, 1110110001.

110111, 1001101000 11, 49

1100001000 01 (1011030 01 0001 30001010,

1

 

